4
3 4
0001
0011
0110

5 5
01010
00111
10110
01110
10111

4 2 
01
01
10
11

15 15
010100101100000
001110011110101
101101011010110
011100111001110
101111011110111
010100101010000
001110111110101
101101000110110
011100110001110
101111001110111
010110101100000
001110011000101
101101100010110
011100101010110
101110000101010

30 30
010100101100000001110011000101
001110011110101001110011000101
101101011010110001110011000101
011100111001110001110011000101
101111011110111001110011000101
010100101010000001110011000101
001110111110101001110011000101
101101000110110001110011000101
011100110001110101101100010110
101111001110111101101100010110
010110101100000101101100010110
001110011000101101101100010110
101101100010110010110101100000
011100101010110010110101100000
101110000101010010110101100000
011100101010110010110101100000
101110000101010010110101100000
010100101100000101111011110111
001110011110101101111011110111
101101011010110101111011110111
001110011000101101111011110111
101101100010110101101000110110
011100111001110101101000110110
101111011110111101101000110110
010100101010000101101000110110
001110111110101001110111110101
101101000110110001110111110101
011100110001110001110111110101
101111001110111001110111110101
010110101100000001110111110101
001110011000101101101100010110
101101100010110010110110001011
011100111001110110110110001011
101111011110111001011011000101
010100101010000010110110110001
001110111110101010101000101101

182 182
00000000010000000
